  0  0 12 0.00 0.00 0.00     0 0.00 0.00 0.00     0 48.89 50.45 50.84     0 0.004
  0  0 12 0.00 0.00 0.00     0 0.00 0.00 0.00     0 43.14 48.98 49.21     0 0.004
  0  0 12 0.00 0.00 0.00     0 0.00 0.00 0.00     0 38.44 47.76 47.92     0 0.004
  0  0 12 0.00 0.00 0.00     0 0.00 0.00 0.00     0 35.79 44.50 44.17     0 0.004
  0  0 12 0.00 0.00 0.00     0 0.00 0.00 0.00     0 47.95 50.10 50.46     0 0.004
  0  0 12 0.00 0.00 0.00     0 0.00 0.00 0.00     0 40.53 46.13 46.12     0 0.004
  0  0 12 0.00 0.00 0.00     0 0.00 0.00 0.00     0 41.85 48.18 49.36     0 0.004
  0  0 12 0.00 0.00 0.00     0 0.00 0.00 0.00     0 41.85 48.18 49.36     0 0.004
  0  0 12 0.00 0.00 0.00     0 0.00 0.00 0.00     0 49.80 50.50 50.88     0 0.004
  0  0 12 0.00 0.00 0.00     0 0.00 0.00 0.00     0 34.45 46.78 46.61     0 0.004
  0  0 12 0.00 0.00 0.00     0 0.00 0.00 0.00     0 39.76 46.24 46.43     0 0.004
  0  0 12 0.00 0.00 0.00     0 0.00 0.00 0.00     0 44.32 49.71 49.96     0 0.004
  0  0 12 0.00 0.00 0.00     0 0.00 0.00 0.00     0 44.32 49.71 49.96     0 0.004
  0  0 12 0.00 0.00 0.00     0 0.00 0.00 0.00     0 41.74 49.36 49.88     0 0.004
  0  0 12 0.00 0.00 0.00     0 0.00 0.00 0.00     0 46.47 50.27 50.71     0 0.004
  0  0 12 0.00 0.00 0.00     0 0.00 0.00 0.00     0 46.09 49.66 49.84     0 0.004
  0  0 12 0.00 0.00 0.00     0 0.00 0.00 0.00     0 46.09 49.66 49.84     0 0.004
  0  0 12 0.00 0.00 0.00     0 0.00 0.00 0.00     0 49.80 50.50 50.88     0 0.004
  0  0 12 0.00 0.00 0.00     0 0.00 0.00 0.00     0 45.98 50.13 50.50     0 0.004
  0  0 12 0.00 0.00 0.00     0 0.00 0.00 0.00     0 45.98 50.13 50.50     0 0.004
  0  0 12 0.00 0.00 0.00     0 0.00 0.00 0.00     0 46.30 50.38 50.74     0 0.004
  0  0 12 0.00 0.00 0.00     0 0.00 0.00 0.00     0 39.12 48.05 48.24     0 0.003
  0  0 12 0.00 0.00 0.00     0 0.00 0.00 0.00     0 39.12 48.05 48.24     0 0.004
  0  0 11 0.00 0.00 0.00     0 0.00 0.00 0.00     0 37.95 49.91 49.97     0 0.004
  0  0 12 0.00 0.00 0.00     0 0.00 0.00 0.00     0 33.62 44.57 44.21     0 0.004
  0  0 12 0.00 0.00 0.00     0 0.00 0.00 0.00     0 45.62 49.97 50.30     0 0.004
  0  0 12 0.00 0.00 0.00     0 0.00 0.00 0.00     0 41.39 47.43 47.45     0 0.004
  0  0 12 0.00 0.00 0.00     0 0.00 0.00 0.00     0 38.90 47.16 47.12     0 0.004
  0  0 12 0.00 0.00 0.00     0 0.00 0.00 0.00     0 40.18 46.05 46.23     0 0.003
  0  0 12 0.00 0.00 0.00     0 0.00 0.00 0.00     0 40.18 46.05 46.23     0 0.004
  0  0 12 0.00 0.00 0.00     0 0.00 0.00 0.00     0 46.81 49.75 50.19     0 0.004
  0  0 12 0.00 0.00 0.00     0 0.00 0.00 0.00     0 44.42 49.87 50.07     0 0.004
  0  0 12 0.00 0.00 0.00     0 0.00 0.00 0.00     0 38.47 45.64 46.07     0 0.004
  0  0 12 0.00 0.00 0.00     0 0.00 0.00 0.00     0 43.33 49.92 50.46     0 0.004
  0  0 12 0.00 0.00 0.00     0 0.00 0.00 0.00     0 43.33 49.92 50.46     0 0.004
  0  0 12 0.00 0.00 0.00     0 0.00 0.00 0.00     0 42.25 49.15 49.43     0 0.004
  0  0 12 0.00 0.00 0.00     0 0.00 0.00 0.00     0 42.82 43.65 43.77     0 0.003
  0  0 12 0.00 0.00 0.00     0 0.00 0.00 0.00     0 42.82 43.65 43.77     0 0.004
  0  0 12 0.00 0.00 0.00     0 0.00 0.00 0.00     0 39.76 45.88 45.22     0 0.004
  0  0 12 0.00 0.00 0.00     0 0.00 0.00 0.00     0 46.31 49.75 50.13     0 0.003
  0  0 12 0.00 0.00 0.00     0 0.00 0.00 0.00     0 46.31 49.75 50.13     0 0.004
  0  0 12 0.00 0.00 0.00     0 0.00 0.00 0.00     0 42.06 49.76 49.93     0 0.004
  0  0 12 0.00 0.00 0.00     0 0.00 0.00 0.00     0 41.77 47.62 47.53     0 0.004
  0  0 12 0.00 0.00 0.00     0 0.00 0.00 0.00     0 44.87 49.44 49.55     0 0.004
  0  0 12 0.00 0.00 0.00     0 0.00 0.00 0.00     0 42.28 49.87 50.21     0 0.004
  0  0 12 0.00 0.00 0.00     0 0.00 0.00 0.00     0 42.28 49.87 50.21     0 0.004
  0  0 12 0.00 0.00 0.00     0 0.00 0.00 0.00     0 38.94 46.06 45.96     0 0.004
  0  0 12 0.00 0.00 0.00     0 0.00 0.00 0.00     0 45.54 49.41 49.62     0 0.004
  0  0 12 0.00 0.00 0.00     0 0.00 0.00 0.00     0 39.53 45.43 46.15     0 0.004
  0  0 12 0.00 0.00 0.00     0 0.00 0.00 0.00     0 38.53 48.82 48.59     0 0.004
  0  0 12 0.00 0.00 0.00     0 0.00 0.00 0.00     0 38.53 48.82 48.59     0 0.004
  0  0 12 0.00 0.00 0.00     0 0.00 0.00 0.00     0 46.15 49.66 49.80     0 0.004
  0  0 12 0.00 0.00 0.00     0 0.00 0.00 0.00     0 44.67 49.48 49.85     0 0.004
  0  0 12 0.00 0.00 0.00     0 0.00 0.00 0.00     0 37.64 47.77 47.42     0 0.004
  0  0 12 0.00 0.00 0.00     0 0.00 0.00 0.00     0 37.64 47.77 47.42     0 0.004
  0  0 12 0.00 0.00 0.00     0 0.00 0.00 0.00     0 36.24 43.32 42.63     0 0.004
  0  0 12 0.00 0.00 0.00     0 0.00 0.00 0.00     0 49.81 50.51 50.88     0 0.004
  0  0 12 0.00 0.00 0.00     0 0.00 0.00 0.00     0 49.81 50.51 50.88     0 0.004
  0  0 12 0.00 0.00 0.00     0 0.00 0.00 0.00     0 48.67 50.44 50.80     0 0.004
